-200;0;0;0;0;0;0;0;0
-199;0;0;0;0;0;0;0;0
-198;0;0;0;0;0;0;0;0
-197;0;0;0;0;0;0;0;0
-196;0;0;0;0;0;0;0;0
-195;0;0;0;0;0;0;0;0
-194;0;0;0;0;0;0;0;0
-193;0;0;0;0;0;0;0;0
-192;0;0;0;0;0;0;0;0
-191;0;0;0;0;0;0;0;0
-190;0;0;0;0;0;0;0;0
-189;0;0;0;0;0;0;0;0
-188;0;0;0;0;0;0;0;0
-187;0;0;0;0;0;0;0;0
-186;0;0;0;0;0;0;0;0
-185;0;0;0;0;0;0;0;0
-184;0;0;0;0;0;0;0;0
-183;0;0;0;0;0;0;0;0
-182;0;0;0;0;0;0;0;0
-181;0;0;0;0;0;0;0;0
-180;0;0;0;0;0;0;0;0
-179;0;0;0;0;0;0;0;0
-178;0;0;0;0;0;0;0;0
-177;0;0;0;0;0;0;0;0
-176;0;0;0;0;0;0;0;0
-175;0;0;0;0;0;0;0;0
-174;0;0;0;0;0;0;0;0
-173;0;0;0;0;0;0;0;0
-172;0;0;0;0;0;0;0;0
-171;0;0;0;0;0;0;0;0
-170;0;0;0;0;0;0;0;0
-169;0;0;0;0;0;0;0;0
-168;0;0;0;0;0;0;0;0
-167;0;0;0;0;0;0;0;0
-166;0;0;0;0;0;0;0;0
-165;0;0;0;0;0;0;0;0
-164;0;0;0;0;0;0;0;0
-163;0;0;0;0;0;0;0;0
-162;0;0;0;0;0;0;0;0
-161;0;0;0;0;0;0;0;0
-160;0;0;0;0;0;0;0;0
-159;0;0;0;0;0;0;0;0
-158;0;0;0;0;0;0;0;0
-157;0;0;0;0;0;0;0;0
-156;0;0;0;0;0;0;0;0
-155;0;0;0;0;0;0;0;0
-154;0;0;0;0;0;0;0;0
-153;0;0;0;0;0;0;0;0
-152;0;0;0;0;0;0;0;0
-151;0;0;0;0;0;0;0;0
-150;0;0;0;0;0;0;0;0
-149;0;0;0;0;0;0;0;0
-148;0;0;0;0;0;0;0;0
-147;0;0;0;0;0;0;0;0
-146;0;0;0;0;0;0;0;0
-145;0;0;0;0;0;0;0;0
-144;0;0;0;0;0;0;0;0
-143;0;0;0;0;0;0;0;0
-142;0;0;0;0;0;0;0;0
-141;0;0;0;0;0;0;0;0
-140;0;0;0;0;0;0;0;0
-139;0;0;0;0;0;0;0;0
-138;0;0;0;0;0;0;0;0
-137;0;0;0;0;0;0;0;0
-136;0;0;0;0;0;0;0;0
-135;0;0;0;0;0;0;0;0
-134;0;0;0;0;0;0;0;0
-133;0;0;0;0;0;0;0;0
-132;0;0;0;0;0;0;0;0
-131;0;0;0;0;0;0;0;0
-130;0;0;0;0;0;0;0;0
-129;0;0;0;0;0;0;0;0
-128;0;0;0;0;0;0;0;0
-127;0;0;0;0;0;0;0;0
-126;0;0;0;0;0;0;0;0
-125;0;0;0;0;0;0;0;0
-124;0;0;0;0;0;0;0;0
-123;0;0;0;0;0;0;0;0
-122;0;0;0;0;0;0;0;0
-121;0;0;0;0;0;0;0;0
-120;0;0;0;0;0;0;0;0
-119;0;0;0;0;0;0;0;0
-118;0;0;0;0;0;0;0;0
-117;0;0;0;0;0;0;0;0
-116;0;0;0;0;0;0;0;0
-115;0;0;0;0;0;0;0;0
-114;0;0;0;0;0;0;0;0
-113;0;0;0;0;0;0;0;0
-112;0;0;0;0;0;0;0;0
-111;0;0;0;0;0;0;0;0
-110;0;0;0;0;0;0;0;0
-109;0;0;0;0;0;0;0;0
-108;0;0;0;0;0;0;0;0
-107;0;0;0;0;0;0;0;0
-106;0;0;0;0;0;0;0;0
-105;0;0;0;0;0;0;0;0
-104;6.4137e-06;9.039e-05;0.00054904;9.6122e-05;0.00021726;9.1225e-06;0;0
-103;5.1428e-05;0.00026905;0.0016365;0.00025721;0.00062867;2.1568e-05;3.105e-06;1.0969e-05
-102;0.00017116;0.00069275;0.0042104;0.00062525;0.0015858;5.1269e-05;1.4339e-05;4.2616e-05
-101;0.00044077;0.0013918;0.0084487;0.0011632;0.0030996;9.3419e-05;4.5789e-05;0.00012221
-100;0.00091712;0.0022744;0.013772;0.0017079;0.0048652;0.00013884;0.0001153;0.00027717
-99;0.0015932;0.0031745;0.019133;0.0020665;0.0064051;0.00018756;0.00024197;0.00051889
-98;0.0023817;0.0039249;0.023464;0.0021185;0.0072754;0.00025645;0.00044007;0.00083404
-97;0.003134;0.0044274;0.026126;0.0018862;0.0072569;0.00037791;0.00071388;0.0011866
-96;0.0036876;0.004694;0.027171;0.0015449;0.0064577;0.00059027;0.0010552;0.0015299
-95;0.0039228;0.0048422;0.027329;0.0013699;0.0052882;0.00092337;0.0014448;0.0018242
-94;0.0038091;0.0050471;0.027723;0.0016403;0.0043179;0.001385;0.0018568;0.0020524
-93;0.0034075;0.0052745;0.028235;0.0023299;0.0036022;0.0019337;0.0022646;0.0022293
-92;0.0028059;0.0055544;0.02915;0.0034656;0.0033579;0.0025267;0.0026397;0.0023755
-91;0.0021304;0.005804;0.030074;0.0049156;0.0035164;0.0030994;0.0029552;0.0025262
-90;0.0015034;0.0059444;0.03063;0.0065496;0.0040072;0.0035909;0.0031862;0.0027155
-89;0.0010383;0.0059069;0.030479;0.0082412;0.0047558;0.0039485;0.0033129;0.0029759
-88;0.00083044;0.0056444;0.029362;0.009872;0.0056785;0.0041379;0.003326;0.0033362
-87;0.00094412;0.0051455;0.027155;0.011338;0.0066769;0.0041545;0.0032338;0.003819
-86;0.001403;0.0044461;0.023911;0.012551;0.0076325;0.0040339;0.0030679;0.0044387
-85;0.0021867;0.0036328;0.019876;0.013445;0.0084075;0.0038541;0.0028857;0.0052008
-84;0.0032361;0.0028319;0.015456;0.013975;0.0088565;0.0037292;0.0027669;0.0061037
-83;0.0044664;0.0021882;0.01115;0.014116;0.0088489;0.0037935;0.0028086;0.0071417
-82;0.0057848;0.0018305;0.0074481;0.013866;0.0083084;0.0041784;0.0031162;0.0083103
-81;0.0071074;0.0018351;0.0047337;0.013255;0.00726;0.0049896;0.0037972;0.009611
-80;0.0083699;0.0022002;0.0032099;0.012348;0.0058664;0.0062903;0.0049568;0.011055
-79;0.0095335;0.0028361;0.002872;0.011247;0.0044386;0.0080952;0.0066956;0.012665
-78;0.010584;0.0035807;0.0035331;0.010087;0.0034062;0.010379;0.0091057;0.014477
-77;0.011531;0.0042335;0.0048878;0.0090225;0.0032536;0.013092;0.012266;0.016538
-76;0.012403;0.0046083;0.0066037;0.008212;0.0044204;0.016192;0.016232;0.018909
-75;0.013253;0.0045872;0.0084091;0.0077995;0.0071962;0.01967;0.021021;0.021667
-74;0.014156;0.0041586;0.010151;0.0079049;0.011645;0.023568;0.026606;0.024913
-73;0.015214;0.0034318;0.011817;0.0086179;0.017577;0.027992;0.032905;0.028765
-72;0.016546;0.0026186;0.013521;0.01;0.024583;0.033096;0.0398;0.033357
-71;0.018281;0.0019903;0.015448;0.01209;0.032119;0.039069;0.04716;0.038824
-70;0.020537;0.0018131;0.017783;0.014909;0.039625;0.046097;0.054876;0.045278
-69;0.023404;0.0022827;0.020639;0.018467;0.046653;0.054333;0.062911;0.052788
-68;0.026932;0.0034806;0.024004;0.02276;0.05294;0.063879;0.071323;0.061357
-67;0.031123;0.0053547;0.027724;0.027776;0.058446;0.074772;0.080284;0.070916
-66;0.035939;0.0077376;0.031526;0.03349;0.063333;0.086994;0.090054;0.081344
-65;0.041315;0.010389;0.035079;0.039863;0.067902;0.10049;0.10095;0.092494
-64;0.047176;0.013057;0.038078;0.046843;0.072504;0.11519;0.11326;0.10424
-63;0.053456;0.015543;0.040343;0.054351;0.077469;0.13103;0.12723;0.11655
-62;0.060112;0.017735;0.041877;0.062284;0.083051;0.14797;0.14297;0.12949
-61;0.067123;0.019632;0.0429;0.070508;0.089406;0.16601;0.16043;0.14325
-60;0.0745;0.02133;0.043808;0.078872;0.096597;0.18517;0.1795;0.15816
-59;0.082271;0.022993;0.045114;0.087228;0.10461;0.20549;0.19994;0.17455
-58;0.090491;0.024814;0.04733;0.095469;0.11338;0.22703;0.22157;0.19276
-57;0.099231;0.026973;0.050872;0.10356;0.12281;0.24987;0.24423;0.21297
-56;0.10859;0.029622;0.055982;0.11159;0.13274;0.27409;0.26792;0.23519
-55;0.11869;0.032863;0.062701;0.11975;0.14302;0.29977;0.29275;0.25921
-54;0.12966;0.036759;0.070886;0.12834;0.15345;0.327;0.31896;0.28465
-53;0.14163;0.041328;0.080261;0.13769;0.16388;0.35583;0.34682;0.31099
-52;0.15469;0.04655;0.090484;0.1481;0.17416;0.38629;0.37655;0.33772
-51;0.16885;0.052365;0.10121;0.15975;0.18428;0.41826;0.4082;0.36439
-50;0.18404;0.058662;0.11212;0.17264;0.19432;0.45155;0.44159;0.39074
-49;0.20004;0.065284;0.12295;0.18655;0.20454;0.48578;0.47626;0.41664
-48;0.21658;0.072042;0.13348;0.2011;0.21529;0.52048;0.51152;0.44219
-47;0.23331;0.078736;0.14352;0.21579;0.22698;0.55511;0.54658;0.46757
-46;0.24989;0.085201;0.15292;0.23016;0.23999;0.58911;0.58066;0.49306
-45;0.26607;0.091347;0.16154;0.24386;0.25457;0.62199;0.61319;0.51896
-44;0.28168;0.097202;0.16928;0.25674;0.27074;0.65336;0.6439;0.54562
-43;0.29673;0.10291;0.17605;0.26889;0.28833;0.68296;0.67287;0.57334
-42;0.31131;0.10873;0.18179;0.2806;0.30695;0.71066;0.70049;0.60243
-41;0.32558;0.11494;0.18648;0.29228;0.32608;0.73642;0.72734;0.63313
-40;0.33975;0.12182;0.19021;0.30433;0.34519;0.7603;0.75398;0.66556
-39;0.35396;0.12951;0.19318;0.31699;0.36379;0.78247;0.78083;0.69961
-38;0.3683;0.13798;0.19576;0.33033;0.38157;0.80317;0.80804;0.73491
-37;0.38273;0.14699;0.19852;0.34413;0.39833;0.82274;0.8354;0.77078
-36;0.39715;0.15614;0.20214;0.35797;0.41408;0.84161;0.86243;0.80629
-35;0.41141;0.16496;0.20736;0.37129;0.42889;0.86017;0.88845;0.84038
-34;0.42531;0.17301;0.21479;0.38354;0.44292;0.87878;0.91273;0.87202
-33;0.43869;0.18001;0.22479;0.39433;0.45633;0.89756;0.9346;0.90035
-32;0.45138;0.18598;0.23733;0.40348;0.46923;0.91641;0.95358;0.92485
-31;0.46328;0.19119;0.25194;0.41108;0.48175;0.93491;0.96937;0.94535
-30;0.47433;0.19621;0.26779;0.41747;0.49394;0.9524;0.98185;0.96201
-29;0.48449;0.20175;0.28385;0.42313;0.50583;0.96808;0.99106;0.97518
-28;0.49382;0.20853;0.29914;0.42861;0.51741;0.98116;0.99707;0.98531
-27;0.50239;0.21713;0.31292;0.43436;0.52863;0.99102;1;0.99273
-26;0.51041;0.22794;0.32496;0.44072;0.53935;0.99731;0.99992;0.99764
-25;0.51816;0.24102;0.33549;0.44785;0.54941;1;0.99687;1
-24;0.52597;0.25622;0.34524;0.45576;0.55859;0.99935;0.99087;0.99962
-23;0.53424;0.27326;0.3552;0.46438;0.56665;0.99584;0.98193;0.99619
-22;0.54333;0.29178;0.36642;0.4736;0.57341;0.99003;0.97014;0.98947
-21;0.55353;0.31152;0.37977;0.4834;0.57878;0.98253;0.95569;0.97935
-20;0.565;0.3324;0.3958;0.49385;0.5828;0.97387;0.93893;0.966
-19;0.57776;0.3545;0.41464;0.50515;0.58571;0.96453;0.9204;0.94986
-18;0.59173;0.37808;0.43611;0.51763;0.58786;0.95492;0.90079;0.93165
-17;0.60679;0.40352;0.45976;0.53172;0.58979;0.94541;0.8809;0.91225
-16;0.6228;0.43118;0.4851;0.54785;0.59217;0.93636;0.86156;0.89262
-15;0.63979;0.46137;0.51173;0.56649;0.59584;0.92813;0.84355;0.87364
-14;0.65795;0.49426;0.53945;0.58806;0.60184;0.92113;0.8276;0.85609
-13;0.67765;0.52987;0.5683;0.61296;0.6114;0.9158;0.81433;0.84056
-12;0.69945;0.56804;0.59855;0.64148;0.62581;0.91259;0.80421;0.82749
-11;0.72389;0.60847;0.63055;0.67381;0.64634;0.91189;0.7976;0.81714
-10;0.75138;0.65073;0.6646;0.70987;0.67385;0.91397;0.79461;0.80956
-9;0.78194;0.69423;0.7008;0.74919;0.7085;0.91884;0.7951;0.80456
-8;0.81508;0.73823;0.73893;0.79082;0.7495;0.92614;0.79852;0.80163
-7;0.8497;0.78183;0.77839;0.83325;0.79496;0.93516;0.80394;0.79994
-6;0.88421;0.82397;0.81825;0.87454;0.84211;0.94486;0.81009;0.79843
-5;0.91675;0.86356;0.85731;0.91251;0.88765;0.95398;0.81554;0.79586
-4;0.94545;0.89951;0.89425;0.94511;0.92825;0.96128;0.81887;0.79111
-3;0.96879;0.93087;0.92769;0.97071;0.96115;0.96567;0.81892;0.78329
-2;0.9858;0.95689;0.95626;0.98838;0.98446;0.96635;0.81495;0.77194
-1;0.99613;0.97706;0.97864;0.99796;0.99736;0.96287;0.80667;0.75707
0;1;0.99106;0.99358;1;1;0.95509;0.79423;0.73911
1;0.998;0.99873;1;0.99548;0.99325;0.94312;0.77809;0.71876
2;0.99085;1;0.99708;0.98555;0.97832;0.92719;0.75882;0.69684
3;0.97914;0.99478;0.98447;0.97113;0.95653;0.90757;0.737;0.67405
4;0.96319;0.98294;0.96238;0.95283;0.92907;0.88455;0.71311;0.65095
5;0.94297;0.96433;0.93165;0.93076;0.89697;0.85839;0.68747;0.6278
6;0.91819;0.93878;0.89368;0.90465;0.86111;0.82933;0.6603;0.60467
7;0.88841;0.9062;0.85026;0.87404;0.82222;0.79762;0.63172;0.5815
8;0.85336;0.86674;0.80328;0.83855;0.78104;0.76359;0.60189;0.55816
9;0.8131;0.82097;0.75456;0.79816;0.73837;0.7277;0.57104;0.53459
10;0.76829;0.77003;0.70567;0.75343;0.69513;0.69055;0.53955;0.51085
11;0.72022;0.71567;0.65789;0.70557;0.65237;0.65297;0.50797;0.48716
12;0.67072;0.66016;0.61218;0.65633;0.61124;0.6159;0.477;0.46385
13;0.62191;0.606;0.56925;0.60778;0.5729;0.58035;0.44739;0.44135
14;0.57585;0.55557;0.52965;0.56195;0.53834;0.54723;0.41987;0.42008
15;0.53419;0.51077;0.49375;0.52049;0.50823;0.51721;0.39501;0.4004
16;0.49789;0.47265;0.46176;0.48436;0.48278;0.49062;0.37316;0.38254
17;0.46716;0.4414;0.43375;0.45379;0.4617;0.46736;0.35442;0.36659
18;0.44149;0.41637;0.40967;0.42836;0.44425;0.44703;0.33864;0.3525
19;0.4199;0.39635;0.38934;0.40715;0.4294;0.42898;0.3255;0.34015
20;0.40126;0.37993;0.3725;0.38908;0.41605;0.41255;0.31459;0.32933
21;0.38456;0.36577;0.35881;0.37318;0.40322;0.39721;0.30548;0.31983
22;0.3691;0.35279;0.34784;0.3587;0.39024;0.38273;0.29775;0.31141
23;0.35453;0.34032;0.3391;0.34527;0.37673;0.36918;0.29103;0.30388
24;0.3409;0.32802;0.33204;0.3328;0.36264;0.3569;0.28498;0.29702
25;0.32846;0.31583;0.32609;0.3214;0.34815;0.34638;0.27933;0.29066
26;0.31752;0.30385;0.32074;0.31127;0.33356;0.33807;0.27384;0.28464
27;0.30834;0.29223;0.31555;0.30253;0.3192;0.33216;0.26836;0.27887
28;0.30096;0.28119;0.31025;0.29518;0.30538;0.32848;0.26279;0.27331
29;0.29521;0.27092;0.30476;0.28904;0.29237;0.32642;0.25714;0.26797
30;0.29071;0.26162;0.29911;0.28377;0.28037;0.32502;0.2515;0.26294
31;0.28696;0.25344;0.29347;0.27893;0.26955;0.32313;0.24599;0.25833
32;0.28343;0.24648;0.28802;0.27411;0.25999;0.31965;0.24074;0.25421
33;0.27968;0.24073;0.28294;0.26896;0.25169;0.31383;0.23585;0.25062
34;0.27542;0.23604;0.27832;0.26329;0.24454;0.30541;0.23136;0.24751
35;0.27052;0.23213;0.2742;0.25708;0.2383;0.29472;0.22725;0.24473
36;0.26504;0.22859;0.27052;0.25046;0.23268;0.28261;0.22342;0.24204
37;0.25913;0.22494;0.26715;0.24367;0.22729;0.27019;0.21974;0.23915
38;0.25299;0.22073;0.26393;0.23698;0.22179;0.25863;0.21607;0.23581
39;0.24679;0.21565;0.26061;0.23058;0.21592;0.24882;0.21227;0.23181
40;0.24064;0.20955;0.25693;0.22458;0.20956;0.24119;0.20824;0.22708
41;0.23457;0.20252;0.25254;0.21897;0.20275;0.23563;0.20393;0.22165
42;0.22852;0.19481;0.2471;0.21363;0.19566;0.23158;0.19932;0.2157
43;0.22241;0.18683;0.24029;0.20839;0.18855;0.22817;0.19441;0.20945
44;0.21614;0.179;0.23188;0.20305;0.1817;0.22447;0.18925;0.20314
45;0.20965;0.17169;0.22185;0.19748;0.17534;0.21976;0.1839;0.19697
46;0.20294;0.16519;0.21047;0.19164;0.16959;0.21366;0.17846;0.19104
47;0.19608;0.15963;0.19829;0.18561;0.16447;0.20623;0.17306;0.18538
48;0.18924;0.15505;0.18612;0.17954;0.15988;0.19788;0.16785;0.1799
49;0.18258;0.15138;0.17489;0.17364;0.15568;0.18926;0.16296;0.17447
50;0.17628;0.1485;0.16549;0.16813;0.15168;0.18109;0.15851;0.16896
51;0.17049;0.14629;0.15859;0.16315;0.14777;0.17393;0.15456;0.16325
52;0.16526;0.14458;0.1545;0.15875;0.14387;0.16807;0.15106;0.15733
53;0.16058;0.14325;0.15314;0.15485;0.14001;0.16352;0.14791;0.15124
54;0.15636;0.14215;0.15404;0.15126;0.13628;0.15998;0.14488;0.14512
55;0.15247;0.14116;0.15649;0.14775;0.13283;0.15701;0.14172;0.13914
56;0.14873;0.14015;0.15967;0.14408;0.12975;0.15408;0.13821;0.13347
57;0.14501;0.13898;0.16277;0.14009;0.12709;0.15081;0.13418;0.12826
58;0.14119;0.13751;0.16508;0.13572;0.12477;0.14698;0.12958;0.1236
59;0.1372;0.13561;0.16605;0.13105;0.12258;0.1426;0.12448;0.1195
60;0.13299;0.13315;0.16525;0.12627;0.12021;0.13788;0.11908;0.1159
61;0.12857;0.13;0.16244;0.12163;0.11731;0.13314;0.11363;0.11272
62;0.12393;0.12608;0.15751;0.11739;0.11359;0.12874;0.10837;0.10982
63;0.11911;0.12137;0.15059;0.11369;0.10892;0.12492;0.10349;0.10708
64;0.11414;0.11594;0.14202;0.1106;0.10338;0.12177;0.099065;0.10435
65;0.10907;0.10996;0.13243;0.108;0.097336;0.11918;0.095025;0.10152
66;0.10394;0.10365;0.12262;0.10566;0.091339;0.11688;0.091201;0.098472
67;0.09881;0.09731;0.11348;0.10329;0.086057;0.11449;0.087359;0.095126
68;0.093745;0.091199;0.10582;0.10058;0.082093;0.11163;0.083277;0.091417
69;0.088819;0.085534;0.10018;0.097304;0.079824;0.10801;0.078821;0.087338
70;0.084112;0.080434;0.096684;0.093381;0.079271;0.10351;0.073994;0.082939
71;0.079714;0.075907;0.095001;0.08887;0.08006;0.098197;0.068956;0.078339
72;0.075721;0.071867;0.094409;0.083966;0.081484;0.092289;0.064001;0.073712
73;0.072217;0.068163;0.093952;0.078948;0.082647;0.086127;0.059498;0.06926
74;0.069263;0.064637;0.092673;0.074106;0.082688;0.080079;0.055796;0.06518
75;0.066871;0.061164;0.08984;0.069675;0.081004;0.074469;0.053137;0.061623
76;0.064985;0.057689;0.085101;0.065784;0.077405;0.069531;0.051591;0.058667
77;0.06348;0.054239;0.078559;0.062439;0.072177;0.065383;0.051029;0.056307
78;0.062173;0.050908;0.070709;0.059536;0.066012;0.062037;0.051147;0.054466
79;0.060846;0.047834;0.062317;0.056904;0.059843;0.05942;0.051538;0.053012
80;0.059294;0.045149;0.054223;0.054355;0.054596;0.057413;0.051775;0.051797
81;0.057364;0.04294;0.04717;0.051742;0.05095;0.055868;0.051511;0.050681
82;0.054989;0.041215;0.04169;0.048991;0.049166;0.054623;0.050534;0.049552
83;0.052194;0.039896;0.03805;0.04612;0.049019;0.053513;0.048795;0.048334
84;0.049089;0.038825;0.036269;0.043224;0.049866;0.052374;0.046393;0.04699
85;0.045841;0.037799;0.03618;0.040446;0.050808;0.051052;0.043532;0.045506
86;0.042631;0.036613;0.037506;0.037936;0.050929;0.049423;0.040454;0.04389
87;0.039614;0.035105;0.039924;0.035804;0.049537;0.047412;0.037389;0.042165
88;0.036899;0.033187;0.043094;0.034096;0.046319;0.045012;0.034519;0.04036
89;0.03453;0.030856;0.046682;0.032777;0.041412;0.042286;0.031962;0.038517
90;0.032499;0.028187;0.050369;0.031744;0.035351;0.039359;0.029771;0.036682
91;0.030758;0.02531;0.053856;0.03085;0.028924;0.036398;0.027956;0.034905
92;0.029242;0.022376;0.056878;0.029938;0.022981;0.033573;0.026493;0.033232
93;0.027888;0.019531;0.059227;0.02888;0.018239;0.031025;0.025347;0.031698
94;0.026647;0.016895;0.060766;0.027592;0.015161;0.02885;0.024468;0.030324
95;0.025493;0.014557;0.061434;0.026052;0.013896;0.027081;0.023808;0.029111
96;0.024418;0.012574;0.061242;0.024291;0.014304;0.025698;0.02331;0.028049
97;0.023426;0.01098;0.060255;0.022383;0.016023;0.024639;0.022917;0.02711
98;0.022536;0.0097925;0.05857;0.020426;0.018555;0.023815;0.02257;0.026264
99;0.021765;0.0090255;0.056297;0.01853;0.021345;0.023129;0.022208;0.025475
100;0.021136;0.0086885;0.053556;0.016809;0.023809;0.022475;0.021772;0.024706
101;0.020376;0.008578;0.049999;0.015175;0.025242;0.02154;0.020986;0.023654
102;0.01945;0.0086305;0.045717;0.013678;0.025248;0.020232;0.019793;0.022264
103;0.017815;0.0084054;0.040005;0.011999;0.023335;0.01812;0.017783;0.020033
104;0.015234;0.0076222;0.032758;0.0099673;0.019625;0.015107;0.014867;0.016811
105;0.011865;0.0062522;0.024542;0.0076292;0.014788;0.011466;0.011311;0.012856
106;0.0081971;0.0045133;0.01639;0.0052231;0.0097859;0.0077236;0.0076372;0.0087302
107;0.0048534;0.0027707;0.0094306;0.0030818;0.0055263;0.0044674;0.0044274;0.0050901
108;0.0023505;0.0013804;0.0044636;0.0014917;0.0025592;0.0021209;0.0021061;0.0024338
109;0.00089264;0.00053633;0.0016628;0.00056664;0.00093355;0.00079188;0.00078765;0.0009143
110;0.00028504;0.00017893;0.00051214;0.00018279;0.00026649;0.00024326;0.00024304;0.00028522
111;0;0;0;0;0;0;0;0
112;0;0;0;0;0;0;0;0
113;0;0;0;0;0;0;0;0
114;0;0;0;0;0;0;0;0
115;0;0;0;0;0;0;0;0
116;0;0;0;0;0;0;0;0
117;0;0;0;0;0;0;0;0
118;0;0;0;0;0;0;0;0
119;0;0;0;0;0;0;0;0
120;0;0;0;0;0;0;0;0
121;0;0;0;0;0;0;0;0
122;0;0;0;0;0;0;0;0
123;0;0;0;0;0;0;0;0
124;0;0;0;0;0;0;0;0
125;0;0;0;0;0;0;0;0
126;0;0;0;0;0;0;0;0
127;0;0;0;0;0;0;0;0
128;0;0;0;0;0;0;0;0
129;0;0;0;0;0;0;0;0
130;0;0;0;0;0;0;0;0
131;0;0;0;0;0;0;0;0
132;0;0;0;0;0;0;0;0
133;0;0;0;0;0;0;0;0
134;0;0;0;0;0;0;0;0
135;0;0;0;0;0;0;0;0
136;0;0;0;0;0;0;0;0
137;0;0;0;0;0;0;0;0
138;0;0;0;0;0;0;0;0
139;0;0;0;0;0;0;0;0
140;0;0;0;0;0;0;0;0
141;0;0;0;0;0;0;0;0
142;0;0;0;0;0;0;0;0
143;0;0;0;0;0;0;0;0
144;0;0;0;0;0;0;0;0
145;0;0;0;0;0;0;0;0
146;0;0;0;0;0;0;0;0
147;0;0;0;0;0;0;0;0
148;0;0;0;0;0;0;0;0
149;0;0;0;0;0;0;0;0
150;0;0;0;0;0;0;0;0
151;0;0;0;0;0;0;0;0
152;0;0;0;0;0;0;0;0
153;0;0;0;0;0;0;0;0
154;0;0;0;0;0;0;0;0
155;0;0;0;0;0;0;0;0
156;0;0;0;0;0;0;0;0
157;0;0;0;0;0;0;0;0
158;0;0;0;0;0;0;0;0
159;0;0;0;0;0;0;0;0
160;0;0;0;0;0;0;0;0
161;0;0;0;0;0;0;0;0
162;0;0;0;0;0;0;0;0
163;0;0;0;0;0;0;0;0
164;0;0;0;0;0;0;0;0
165;0;0;0;0;0;0;0;0
166;0;0;0;0;0;0;0;0
167;0;0;0;0;0;0;0;0
168;0;0;0;0;0;0;0;0
169;0;0;0;0;0;0;0;0
170;0;0;0;0;0;0;0;0
171;0;0;0;0;0;0;0;0
172;0;0;0;0;0;0;0;0
173;0;0;0;0;0;0;0;0
174;0;0;0;0;0;0;0;0
175;0;0;0;0;0;0;0;0
176;0;0;0;0;0;0;0;0
177;0;0;0;0;0;0;0;0
178;0;0;0;0;0;0;0;0
179;0;0;0;0;0;0;0;0
180;0;0;0;0;0;0;0;0
181;0;0;0;0;0;0;0;0
182;0;0;0;0;0;0;0;0
183;0;0;0;0;0;0;0;0
184;0;0;0;0;0;0;0;0
185;0;0;0;0;0;0;0;0
186;0;0;0;0;0;0;0;0
187;0;0;0;0;0;0;0;0
188;0;0;0;0;0;0;0;0
189;0;0;0;0;0;0;0;0
190;0;0;0;0;0;0;0;0
191;0;0;0;0;0;0;0;0
192;0;0;0;0;0;0;0;0
193;0;0;0;0;0;0;0;0
194;0;0;0;0;0;0;0;0
195;0;0;0;0;0;0;0;0
196;0;0;0;0;0;0;0;0
197;0;0;0;0;0;0;0;0
198;0;0;0;0;0;0;0;0
199;0;0;0;0;0;0;0;0
200;0;0;0;0;0;0;0;0
